29.7637   80.6443     23    4.6
31.5564    78.566     32    4.1
29.9078   79.9451     16    5.1
 30.918   78.3649     10    4.4
31.4377   77.2765       9   4.8
30.3069   79.1804     24    4.9
  31.64   77.3918    27.8     5
 30.567   79.1866     17    4.6
30.1435   79.8235     35    4.7
31.6173   80.1148     8.4   4.6
 31.539    80.077     35    4.6
29.4937   80.3523     19    4.5
29.6947   80.3561    27.8   4.7
29.3489   80.3342     35    4.5
 30.881   78.4772     10    4.2
30.3137   79.7232     17    4.3
30.5276   79.2378     17    4.5
 30.756   78.7907    16.1   6.6
30.8431   78.8444     35    4.7
 30.626   78.7628    16.7   4.8
 31.434   78.4973     32    4.3
30.7022   78.7025     35    4.5
30.7079   78.6554    25.4   4.8
30.6684   78.7468     35    4.2
 30.588   78.6378     28      4
30.6402   78.7747     35    4.2
30.4357   78.5755     28      4
30.4946   78.9384    34.4   4.8
30.9197   78.2358     10    4.6
30.6985   78.7257     35    4.8
30.8733   78.4727     10      4
29.0299   80.6133     10    4.3
31.2376   80.3965    16.9   4.8
29.6851   80.5193     19    4.6
30.6876       78.9    24    4.2
30.7854   78.9276     10      4
30.2122    80.135    25.7   4.5
30.2028   80.1242     16    4.7
30.5275    79.386     17      4
31.6647   78.3628     35    4.3
 31.669   80.2025    10.9   4.8
31.8601   80.2109     35    4.5
30.5836   79.5028     17    4.8
29.5864   80.5992     19    4.5
31.4409   79.8925     35    4.1
29.9186   79.0765     35    4.1
30.9988   77.5992     28    4.2
 31.432    78.963     33    4.9
31.9264   78.4082     12    4.2
 30.429   79.2689     24    4.6
31.4776   79.9741     35      4
30.3831   79.3921    27.7   4.4
29.6602   80.4923    42.7   4.2
 30.457   79.1393    27.2   4.8
30.4968   79.2312     17    4.5
 31.368   78.5117    13.6   4.4
30.8314   78.8479     35    4.4
30.6785   78.3233     10    4.2
30.5114   78.6258     28    4.5
30.9754   78.2532     10      4
30.8166   78.1545     10      4
29.8555   77.2409     35      4
29.8171   80.6116    24.2   5.5
29.6778   80.4895     19      4
 31.366   80.4209     35      4
29.3591   80.4144     19    4.6
30.2695   78.5965     35    4.3
30.0916   79.6201     35    4.2
30.3768   79.2302     24    4.5
30.4126   79.2304    24.5   4.4
30.5158   78.7915     24    4.2
30.3635   79.3354    23.8   6.5
30.2869   79.3333     17    5.3
30.2686   79.3122    23.2   4.7
30.4479   79.3737     17    4.1
30.4883   79.4486     17    4.4
30.4342   79.5531     17      4
30.2624   79.4122     35    4.3
30.4733   79.2703     17    4.2
30.3787   79.3547     17      4
30.1184   79.3727     35    4.4
30.2574   79.3208     35    4.3
30.2163   79.3371     35      4
30.3725   79.4638    14.2     4
30.2994    79.288    25.6   5.3
30.4504   79.3708    54.1   4.2
30.2837   79.2959    22.2   5.1
30.2981   79.3723     25    4.6
30.2786   79.3844    28.3   4.8
30.3775   79.3319     17    4.6
30.2554   79.3203    23.1   4.9
30.2478   79.3221    26.2   4.8
30.3805   79.4195     10    4.2
30.2368   79.2726     10    4.6
29.3588   81.0213     17    4.2
31.0343   77.8409     10    4.4
 31.308   77.2503     11    4.3
31.5753   78.2905     38    4.3
29.9439   79.9815     16      4
31.9166   78.4146     12    4.9
32.0296   78.3971    17.4   4.5
31.9478   78.5845       8     4
30.8318   78.2585    28.1   4.4
31.0658   77.9624    33.8     4
30.9662   78.1957     6.8   4.1
31.0848   78.2079    19.2   4.2
30.4599   79.1328     40    4.1
31.2703   77.7993       0   4.1
30.2713   77.4699     4.9   4.2
30.5528   79.2439    24.9     4
29.7662   80.6014     23    4.3
30.3669   79.5463     17    4.1
29.4742    81.696    24.6   4.5
29.5244   80.8647     17    4.1
31.2054   70.2928     16    4.2
29.0714   80.7883     35      4
29.3415   81.1509     35    4.3
30.7865   78.5193     6.2   4.3
29.9106    80.027    34.4     4
36.5745   71.3835   156.6   4.2
30.3942   81.3273     36    4.5
31.3691    77.862       8     4
31.4755    77.752       9   4.3
29.9266   80.0793     16      4
31.6172   77.3093    10.9   4.2
31.4217   78.6162     32    4.2
31.3925   78.5799     32    4.1
29.7213   80.6794     23    4.2
30.0461   80.0259    23.7   4.7
30.4676    79.311    24.4     5
30.5622   79.3244    14.6     4
30.2403   80.3878     11      4
30.5987   80.2953     11    4.6
30.6486   79.2621    29.6     4
30.4509   80.5358     11    4.2
30.8101   79.6426     35      4
 30.678   80.6054     35      4
31.6041   78.1741       8   4.3
31.5459   78.2791     10      4
31.5566   78.1679       8   4.3
30.6048   80.7729     35      4
30.2846   80.3318     11    4.6
 30.695   80.4411     11      4
29.4803   81.2922     33    4.1
28.9955   76.7361    16.6     4
29.3693   80.4374    19.2     4
 29.341   81.4338     27    4.4
30.7544   81.2283       7   4.2
29.4139   80.9638     17    4.4
 29.575    80.649     19    4.8
29.6643   80.7344     17      4
30.8339   78.4709    22.9   4.3
 30.446   79.2289    41.2   4.4
30.4951   79.3763    46.8     4
30.0739    81.163     10      4
30.5131   79.2366    37.8   5.2

 30.484   79.3346    45.6     4
30.2228   80.3163     23    4.1
30.3308   80.3607    19.3   4.8
30.2216   80.3869     11    4.5
29.4599   80.8658     17    4.9
29.3099   80.8775     17      4
31.7835   78.2695    11.6   4.1
29.7804   80.1481     25    4.4
29.7739   80.5419     23    4.6
29.7847   80.5719     23    4.1
29.8792   80.5158     23      4
29.9124   80.1159     16    4.4
31.5235   77.0204    15.4     4
31.5073   77.0258    14.1     4
31.3821   77.7507       9   4.1
30.8576   78.2844    27.1     5
30.9577   78.1726     9.4     4
31.3247   80.2634     35      4
29.4413   81.0027    21.3   4.7
29.9451   79.9899     16    4.4
30.0773   77.7884    27.9   4.1
 29.981   80.0563     16    4.1
30.2643   80.3329    11.9   5.1
31.5927   77.3761       9   4.4
 31.784   78.3587    23.8     4
30.5649   79.3177     17
30.8933   79.0312    57.3   4.7
29.9476   79.8015    20.6   4.5
29.8069   80.4693     23      4
30.0106   80.0846    16.5   4.6
30.5152   81.8975    13.8   4.8
30.0667    80.008    43.5   4.4
30.3052   78.2465    25.8     4
31.2301   77.8568    26.4   4.7
31.3823   80.2372     1.2     4
29.8773    80.466    17.3   5.1
29.8446   80.3974     5.4   4.6
31.0445   80.4777     9.5   4.6
29.7903   80.4282    19.4   5.2
30.0092   79.6149     6.6   4.3
30.5428   79.1766     24      4
29.6265   80.7289    17.4   5.6
30.2162   80.4146     23    4.6
30.5513   79.3192    26.6   4.8
 29.925   80.6046     23      4
28.6355   77.1715    15.8   4.3
30.9444   78.2981    24.8   5.1
32.3928   82.7188    27.1   5.3
32.1085   78.2067     17      4
36.4267    71.163   235.8   4.5
29.8516    80.599     23    4.4
31.8432   78.4864    19.3   4.8
 30.896   78.3957     10    4.3
29.3814   81.1469     17    4.7
30.0465   80.4765     23      4
30.9987   78.3247     6.3   4.6
30.0895   80.4596     10    4.1
30.1732   80.5241     10      4
 30.244   80.3489     10      4
29.9343   79.8978     16    4.3
30.4719   79.9053     10    4.1
29.2726   80.9678     10    4.2
 31.286   80.5357     35    4.1
31.3457   80.4558     35    4.1
36.4113   71.6566    87.4   4.7
30.3749   79.4818     17    4.8
30.4393   79.1893     10      4
30.4073   79.1514     23    4.3
30.2923   80.4983     11    4.1
29.6715   80.6317     10      4
29.9636   80.3981     23    4.5
31.5077   77.0188     11      4
30.4705   79.3609     17    4.1
29.7574   80.3974     10    4.2
31.4266   77.6133    25.9   4.6
31.4937    77.629      9   4.3
31.4899    77.718      9     4
29.9358    80.545   23.8   5.1

30.5773   79.0787   14.6   5.6
35.0752   72.1793    35      4
36.6381   70.5226   200    4.7
31.5766   77.2876   24.9   4.1
 30.595   79.0957   12.8   5.1
31.4978   80.6344    35      4
31.4761   80.5724    35      4
31.6167   78.4565    32    4.4
30.7621   78.8051   24.1   4.4
30.9114    78.299   15.7   4.2
29.8366   80.6352   10.8   4.5
 28.978    77.386   18.6     4
33.0736   76.1758    10    4.8
 29.691   80.7419    10    4.5
 29.924    80.221    10    4.3
30.0278   79.9831   18.8   4.7
29.1724   77.0219    10    4.2
33.1193   75.8744   43.9   4.7
30.9094   80.0559      0   4.3
29.3319   80.7532      0     4
