-22.2888   -179.4392   607.4   5.1777777777778
27.1598    67.2383     35      4.3571428571429
37.1611    71.7468     114.7   4.4222222222222
26.4073    74.3031     10      4.8
28.9085    77.3108     17      4.1
29.7903    80.4282     19.4    5.01
29.6265    80.7289     17.4    5.4
29.3319    80.7532     0       4.25
29.5113    80.8378     17      4.1
29.4599    80.8658     17      4.6923076923077
29.4139    80.9638     17      4.3222222222222
29.2726    80.9678     10      4.1571428571429
29.4413    81.0027     21.3    4.5636363636364
29.6138    81.0045     17      4.2375
29.3176    81.0511     17      4.4
30.0829    81.0925     35      4.6727272727273
30.9689    81.1072     4.6     5.77
30.6694    81.1177     10      4
29.3228    81.1433     10      4.26
29.3814    81.1469     17      4.49
29.3667    81.151      17      4
29.4657    81.1633     17      4.5
29.4721    81.1672     17      4.3
30.7657    81.2082     7       4.5333333333333
29.594     81.2143     14.2    4.4571428571429
30.7544    81.2283     7       4.3
30.4355    81.2311     35      4.1
30.5295    81.2646     36      4.15
29.5671    81.2829     10      4.22
29.3469    81.2912     27      4.36
29.4803    81.2922     33      4.28
30.3901    81.3007     36      4.4625
30.4518    81.322      36      4.2
29.462     81.3255     27      4.05
30.3942    81.3273     36      4.5
29.5272    81.3859     27      4
30.4448    81.3967     36      4.2
30.4457    81.4039     10      4
30.4564    81.405      36      4.6
30.4714    81.4075     10      4.3
29.263     81.4099     27      4.37
30.5201    81.4102     36      4.2
29.586     81.4251     27      4.6285714285714
30.496     81.4251     16.2    5.3
29.3514    81.433      27      4.5
29.341     81.4338     27      4.4714285714286
29.4522    81.435      16.5    4.48
29.4417    81.4415     27      4.39
29.4053    81.4466     27      4.66
29.5258    81.4718     27      4.5428571428571
29.613     81.4803     27      4
29.4127    81.482      27      4.3888888888889
29.4719    81.4922     27      4.4
29.5162    81.4951     27      4.675
29.2594    81.4986     27      4.3
29.4735    81.5323     27      4
29.3635    81.5428     27      4.44
29.6889    81.5679     27      4.14
28.8221    81.5726     33      4.275
29.8829    81.5778     0       4
29.4466    81.5805     27      4
29.4841    81.5921     10      4.2
28.8664    81.5986     33      4.3
29.2832    81.6009     27      4.05
30.2417    81.6054     10      4.25
29.477     81.6065     27      4.1166666666667
28.847     81.6265     26.9    4.5166666666667
29.5836    81.6283     13.1    4.475
29.6445    81.6285     27      4
29.5675    81.6387     19.4    4.1
29.2787    81.6399     16.1    5.1222222222222
29.471     81.6452     13.8    4.3
28.8701    81.6519     33      4.5
30.3225    81.657      10      4
28.7275    81.6594     35      4.05
29.7094    81.6654     33      4.3333333333333
29.4541    81.6685     14.8    4.5
28.9319    81.6695     33      4.2375
29.3495    81.6704     23.1    4.05
29.5153    81.6835     19.1    4.4
29.4742    81.696      24.6    4.5
29.7268    81.6978     15.5    4.9555555555556
28.6654   81.701    35     4.025
29.4848   81.705    10     4.24
28.7839   81.7082   10     4
29.3223   81.7089   31     4.1
29.8668   81.7117   10     4.125
29.5126   81.7142   24     5.3
29.5812   81.716    22.6   5.5
29.5305   81.7213   30.8   4.6
29.5384   81.7333   28.1   4.78
29.3756   81.7425   36.6   4.9
29.69     81.8      10     4.275
29.7355   81.8078   21     4.6818181818182
29.2832   81.8246   31     4.1333333333333
29.5802   81.8306   31     4.1
29.4112   81.8643   31     4
30.5152   81.8975   13.8   4.725
30.7222   81.9068   35     4.325
29.2343   81.9216   24.4   4.6
29.3624   81.9707   31     4.22
29.9171   81.9754   0      4.4
29.3263   81.9775   31     4.2
29.8689   81.9951   21     4.1
28.8003   82.0019   10     4.3
29.4743   82.023    32.3   4
29.2966   82.0234   31     4.55
29.748    82.0594   21     4.1
28.5994   82.0819   35     4.2
29.9219   82.0962   14.4   5.2636363636364
28.6935   82.1163   29.5   4.225
29.6125   82.1282   27     4
28.8355   82.1347   40     4.0333333333333
29.9991   82.1359   21     4.0666666666667
28.5135   82.151    35     4.1666666666667
29.1465   82.159    37.6   4.3333333333333
30.3305   82.1991   35     4.1
28.4675   82.2046   27.2   4.6
30.6294   82.2129   10     4.46
28.8469   82.225    35     4.1142857142857
28.6657   82.2308   16.2   4.6555555555556
30.1014   82.2616   80.9   4.4666666666667
28.8005   82.2632   14.5   4.225
28.7098   82.2897   19.7   4.86
28.6928   82.3038   35     4
28.6765   82.3172   35     4
28.8436   82.3409   22.8   4.1166666666667
28.8557   82.359    22.7   4.9111111111111
28.5823   82.3679   25.3   4.2833333333333
28.6454   82.4026   32.3   4.2625
30.0869   82.5639   15     4.25
28.288    82.5855   23.5   4.4142857142857
30.1923   82.6106   35     4.6285714285714
28.3881   82.6375   35     4
28.4196   82.6747   23.9   4.8
30.5951   82.6997   10     5.1
30.0345   82.715    35     4
28.5022   82.7219   10     4.5222222222222
28.4629   82.7489   35     4.125
30.9521   82.7708   0      4
28.51     82.7814   35     4.15
31.1306   82.8073   35     4.4428571428571
30.4489   82.8269   35     4.18
28.4021   82.8278   35     4
29.7986   82.8422   0      4
31.1424   82.9295   35     4.32
30.2019   82.9656   35     4.1
30.4937   82.9938   35     4
30.2432   82.9973   10     4
28.3355   83.0546   35     4
30.811    83.1164   35     4.1
30.6134   83.1501   35     4.4
30.7136   83.1512   35     4.2
30.6774   83.181    35     4
28.2146   83.1847   35     4
30.8224   83.1913   10     4.1
30.6795   83.2035   10     4.3
30.7951   83.2247   10     4
30.6725   83.2269   10     4.3
30.5311   83.2372   35     4.25
30.9127   83.2395   10     4.4285714285714
30.7321   83.242    10     4.15
30.7562   83.2542   11     4.05
30.6885   83.2616   18     4.3888888888889
30.87     83.267    11     4.15
30.6386   83.2672   10     4.2777777777778
30.6844   83.2672   17     4.7727272727273
30.5193   83.269    18     4.5333333333333
30.6609   83.2772   18     4
30.5297   83.278    18     4.06
30.8511   83.2883   35     4
30.7777   83.2887   11     4.05
30.8589   83.2934   11     4
30.6367   83.294    10.7   4.5714285714286
30.6575   83.2998   18     4.05
30.7359   83.3015   11     4.15
30.7848   83.3046   11     4.1142857142857
30.6844   83.3098   18     4.075
30.5584   83.3141   0      4.025
30.6553   83.3155   18     4.025
30.8015   83.3158   11     4.25
30.7482   83.3222   18     4.3
30.7211   83.3251   18     4.8285714285714
28.4321   83.3273   10     4.1
30.7172   83.33     15.1   4.72
30.7153   83.3337   11     4.4222222222222
30.6763   83.3343   18     4
30.6888   83.3388   18     4.1166666666667
30.6145   83.3397   18     4.075
30.6906   83.3406   11     4.6
30.6733   83.3471   22.8   4.8166666666667
30.7248   83.3528   18     4.2
30.8515   83.358    35     4.2
30.5929   83.3677   18     4
30.6779   83.3697   11     4.2222222222222
30.2117   83.3736   17     4.325
30.4846   83.3742   40.2   4.3875
30.7919   83.3752   11     4.275
30.673    83.3803   18     4.5727272727273
30.3285   83.3866   18     4
30.8646   83.3894   11     4.1428571428571
30.6405   83.3954   18     4.08
30.8616   83.4058   15.2   5.1727272727273
30.8106   83.4074   22.8   4.9727272727273
30.9155   83.4142   11     4.2285714285714
30.8543   83.4168   11     4.35
30.7595   83.4194   11     4.6285714285714
30.6755   83.4224   14.6   5.0583333333333
30.8746   83.4268   11     4
30.916    83.4299   14.2   4.74
30.8421   83.438    11     4.175
30.9027   83.4452   11     4
30.9692   83.4464   11     4.4142857142857
30.5897   83.4507   18     4.1571428571429
30.8888   83.4523   11     4.05
30.6655   83.4547   18     4.54
30.8557   83.4559   11     4.3
30.8111   83.46     11     4.4555555555556
30.7714   83.4627   11     4.08
30.9654   83.4634   11     4.35
30.6947   83.4695   18     4.4142857142857
30.5095   83.4748   18     4.05
30.5997   83.4801   18     4.2
30.8855   83.5091   11     4
30.7846   83.5111   18     4.1
30.9091   83.5226   11     4.43
30.8577   83.5286   11     4.1
31.029    83.5295   11     4.5444444444444
30.8706   83.5315   11     4.84
30.7054   83.5353   18     4.35
30.2786   83.5403   17     4
30.4008   83.5427   18     4.225
30.8637   83.5432   11     4.1166666666667
30.9202   83.5511   12     4.6666666666667
30.2588   83.5524   18     4.3444444444445
30.8656   83.555    11     4.5
30.1977   83.5568   18.2   4.475
28.2346   83.557    0      4
30.6787   83.5614   18     4.3666666666667
30.5728   83.5652   27.1   5
30.6662   83.5678   18     4.4
30.2241   83.5692   17     4
30.2725   83.5781   17     4.075
30.843    83.5808   9.5    5.13
30.8952   83.5851   11     4
30.2386   83.5854   18     4.3888888888889
30.4076   83.5875   18     4.025

30.7895   83.5877   11     4.48
30.3091   83.5886   18     4.26
30.2575   83.5912   18     4.1
28.2015   83.5913   15.5   4.1
28.2184   83.5923   10     5.5625
30.7875   83.5989   10.2   5.3333333333333
30.408    83.6035   18     4.05
30.3597   83.6092   18     4.15
31.0519   83.6111   11     4.1857142857143
30.1741   83.6112   17     4.26
30.7365   83.6215   18     4.2
30.4782   83.6227   18     4.3
30.6413   83.6235   18     4.1
30.5428   83.6254   18     4.85
30.4101   83.6258   18     4.1666666666667
30.9704   83.6411   23.9   6.0583333333333
30.951    83.652    11     4
30.1112   83.6545   17     4.2777777777778
30.4615   83.6579   18     4
30.7895   83.6588   11     4.1285714285714
31.0061   83.6642   11     4.1714285714286
30.4877   83.6663   11.9   5.81
30.6136   83.6682   18     4.2
30.8665   83.6746   11     5
30.9219   83.678    11     4.1571428571429
30.4417   83.6785   18     4.2
30.1901   83.6856   17     4.44
30.3403   83.6892   18     4.37
30.6057   83.6903   18     4.1111111111111
30.3193   83.7028   16.5   4.8909090909091
30.2863   83.7054   17     4
30.4612   83.7241   13.3   4.9
30.4738   83.7245   18     4.52
30.687    83.7258   18     4.16
28.3101   83.7342   11.7   4.1
30.3292   83.7387   18     4.5125
30.6023   83.7394   26     4.5222222222222
30.6045   83.7412   18     4
30.6066   83.7423   10.7   5.65
29.6621   83.7502   35     4
30.5683   83.7506   18     4.2
30.5865   83.7582   1.3    4.025
30.4797   83.7612   26     4
28.2458   83.7614   35     4.1
30.2348   83.7628   26     4.1
30.3011   83.7803   26     4.2
30.612    83.7887   26     4.64
28.3798   83.8007   24.2   4
30.6305   83.8105   26     4.3222222222222
30.6115   83.8156   22.4   4.4375
28.2315   83.8239   35     4.25
28.1617   83.8328   35     4.35
30.6638   83.8354   26     4.3
30.3326   83.8383   26     4.2
30.5213   83.8406   26     4.1714285714286
30.5317   83.8585   26     4.175
30.4661   83.8599   10     4.25
30.2512   83.8949   35     4.2
30.306    83.904    26     4.8444444444445
30.8624   83.9055   0      4.1
26.6398   83.9727   10     4.46
28.2871   84.0151   10     4.6888888888889
28.3736   84.0248   8.1    4.05
30.7806   84.0574   26     4
30.841    84.06     35     4.22
30.303    84.0645   17     4.2
30.5531   84.0758   26     4
30.5678   84.0803   26     4
30.7097   84.0817   26     4
28.2945   84.0924   18.9   4.5777777777778
29.6899   84.1034   2.8    4.0833333333333
28.1948   84.119    35     4.2
28.0981   84.1195   0      4.5
28.0569   84.1672   35     4.275
28.0319   84.1812   0      4.1
27.5485   84.2666   0      4.3
30.9325   84.2844   35     4.1
28.3644   84.286    35     4
30.4965   84.2884   15.1   4.3
29.2057   84.2944   35     4
31.0248   84.3226   35     4.05
28.4605   84.3309   18.2   4.2714285714286
30.844    84.3447   35     4.15
30.7266   84.3545   35     4.0333333333333
29.7145   84.3599   77.8   4.5
27.8151   84.3629   0      4.3
30.8313   84.3668   35     4
30.3617   84.4041   35     4.05
29.7228   84.411    10     4.1
28.0216   84.4141   0      4.8
29.8406   84.4338   10     4
28.0869   84.4371   10     4.4
28.0802   84.4825   35     4
28.5903   84.4886   0      4
28.3109   84.5012   1.7    4.15
28.2361   84.5179   10     4
26.7297   84.5264   35     4.2
27.6857   84.565    10     4
28.1409   84.5952   13.3   4.3125
27.963    84.5958   15.6   4.4571428571429
27.8889   84.5966   35     4.1
28.202    84.6237   10     5.0166666666667
27.8129   84.6415   0      4
28.0803   84.6417   15.1   5
28.008    84.6419   10     4.1
28.0477   84.6451   15.9   4.16
28.0176   84.6642   10     4.1
28.6753   84.6645   10     4.1
28.0126   84.6651   13.1   4.275
27.7947   84.6702   10     4
29.6407   84.6737   24.2   4.1857142857143
28.2074   84.6777   15.8   4.6909090909091
27.913    84.6909   15.2   4.875
28.0102   84.6927   15.6   4.6
27.9343   84.7      0      4
27.8817   84.7047   10     4.2
28.1959   84.7082   8.2    4.1333333333333
27.7651   84.7136   2.5    4.93
28.1302   84.7168   13.4   6.5636363636364
27.9582   84.717    13.8   4.7444444444444
27.8265   84.7195   10     4.025
27.7621   84.7196   10     4.0333333333333
28.1651   84.7215   5.7    4.1
27.9187   84.7322   0      4.1
28.047    84.7357   13.2   4.2
27.8204   84.7409   13.4   4.6545454545455
27.9782   84.7412   10     4.0333333333333
28.1767   84.744    15.5   4.175
27.8293   84.759    7.5    4.1
28.0733   84.7597   12     4.4111111111111
28.173    84.7761   7.7    4.2
27.9522   84.7809   12     4.1
27.8136   84.8004   12     4.3
27.9261   84.8007   10.3   4.18
27.986    84.8034   12.8   4.5444444444444
28.0451   84.8141   8.9    4.9
27.7811   84.8172   12.2   4.1
28.018    84.8254   10     4
28.1193   84.8313   11.5   4.2
27.8453   84.8345   12.8   4.4714285714286
27.797    84.836    14.6   4.24
27.8271   84.8361   15.3   4
27.6985   84.8417   12.6   4.125
28.1603   84.8433   14.7   6.3727272727273
28.0537   84.8683   12.6   4.325
27.8896   84.8784   10     4.45
28.1547   84.8838   10.2   4
28.0665   84.8912   15.4   4.3833333333333
27.7334   84.8934   10     4.26
28.4667   84.8935   6.9    5
28.1754   84.8941   40.1   4.175
27.9682   84.9033   4.5    4.68
28.1616   84.9192   6.4    4.2
27.6599   84.9369   10     4.3777777777778
27.9133   84.9395   12     4
27.7744   84.9497   13.7   5.24
28.0383   84.9524   12     4
27.8147   84.959    12     4.05
28.0373   84.9604   22.8   4.2333333333333
27.9633   84.9656   12     4.0666666666667
28.3868   84.9723   10     5.65
27.9428   85.011    12     4
27.6663   85.0196   11.5   4.18
28.0014   85.0227   19.1   4.53
28.0448   85.0294   14.5   4.4111111111111

27.751    85.0344   12.9   4.2375
27.7371   85.0463   13.2   4.225
27.8607   85.0509   12     4.92
27.7511   85.052    10     4.16
27.9755   85.0648   12     4
27.7631   85.0651   11.4   4.0666666666667
28.0598   85.0657   25.5   4.14
27.753    85.0709   10     4.28
28.1684   85.0745   12     4.1
28.0084   85.083    12     4
27.7666   85.0835   12.4   4.1875
27.6837   85.095    11.9   4.3142857142857
30.613    85.0975   35     4.41
27.351    85.1112   10     4.26
28.076    85.113    19.1   4.05
27.6989   85.1266   15.2   4.7833333333333
27.7315   85.1341   17.6   4.15
27.7884   85.1449   12.1   4.9833333333333
27.7278   85.1586   14.2   4.12
28.0116   85.1692   15.7   4.3285714285714
27.5004   85.1762   10     4.08
28.1037   85.1822   12     4.45
32.3398   85.1873   16     4.5333333333333
27.7536   85.193    8      4.14
30.541    85.1975   35     4.14
27.6841   85.2003   10     4
27.3631   85.2105   10     4
27.8009   85.2164   12     4
27.6616   85.2232   11.1   4.2285714285714
28.076    85.2257   12     4
28.084    85.2323   22.9   4.1
27.7134   85.2437   6.8    4.1285714285714
27.8347   85.2553   0      4.3333333333333
27.6854   85.2588   9.6    4.75
28.0403   85.2665   17.9   4.12
27.9171   85.273    23     4.42
28.013    85.2843   18     4.22
27.6355   85.291    12.2   4.1
27.8319   85.2922   18     4.84
27.884    85.3124   18     4
28.6134   85.3126   0      4.0333333333333
27.8116   85.3167   18     4
27.5297   85.32     10     4.2
27.7624   85.3224   0      4.675
27.7543   85.3227   10     4.125
27.339    85.3406   10     4.46
28.0031   85.3408   18     4
27.5408   85.3528   10     4
27.7756   85.355    18     4.05
27.8416   85.3592   18     4.1
28.9041   85.3632   35     4
27.6609   85.3651   0      4
28.0217   85.3658   10.8   4
27.3596   85.3788   0      4.05
27.9719   85.3808   13.2   4.3666666666667
27.8964   85.3892   17.7   4.6285714285714
27.9736   85.3898   0      4
28.2514   85.3979   10     4
28.0161   85.3983   18     4.0333333333333
27.6761   85.3999   10     4.1833333333333
29.9815   85.4049   10     4.3333333333333
27.7837   85.4092   18     4
29.4729   85.4103   10     4.2333333333333
27.6572   85.411    10.9   4.2
27.9237   85.4148   18     4.59
27.9378   85.4271   13.2   4.325
27.7325   85.4328   35     4
29.4989   85.4329   10     4.3833333333333
27.178    85.4364   10     4.5
29.9808   85.4418   35     4.125
27.8481   85.4526   15.4   4.3
30.0503   85.4541   35     4.2833333333333
27.8287   85.455    18     5.06
27.8644   85.457    23.4   5.01
29.1516   85.46     10     4.1
27.8865   85.4671   14.7   4.02
29.964    85.468    35     4.3
27.8097   85.4691   18     4.225
27.8376   85.4697   18.6   4.425
27.8324   85.4748   18     4.3
27.6342   85.4762   10     5.75
27.7849   85.4781   13.2   4
27.8695   85.4799   18.2   4.5714285714286
29.1941   85.4875   3.4    5.0181818181818
27.8209   85.4923   18     4.05
27.844    85.4943   18     4.1
27.8746   85.4987   17.9   4.05
29.232    85.4999   10     4.125
27.9097   85.5004   15     4.05
29.0814   85.5039   9.6    4.1
27.7825   85.5048   10     4
27.8666   85.5084   13.5   4.3
27.5558   85.5097   15.1   4.35
27.9056   85.5159   18     4.125
27.8665   85.5164   18     4.1
27.9386   85.5216   10.2   4.8333333333333
27.8868   85.5261   18.4   4.2428571428571
27.8141   85.532    13.1   4.275
27.9134   85.5368   11     4.08
27.5243   85.5387   10     4.3
27.9294   85.5406   10     4.35
27.7561   85.544    18     4.16
27.8393   85.5462   18     4.05
27.5249   85.5492   15     4.2375
27.5796   85.5542   12.9   5.26
27.8509   85.5547   12.6   4.3666666666667
27.8305   85.5579   10     4
30.3664   85.5587   10     4.3333333333333
27.6958   85.5593   10     4.025
31.4522   85.5643   35     4.4
27.856    85.5659   18     4.5
27.8754   85.5705   16.9   4.0666666666667
30.2828   85.5733   35     4
27.8057   85.5764   10.7   4.65
27.699    85.5783   15.6   4.8666666666667
27.4916   85.5822   10     4
27.7941   85.5828   18     4.26
27.8104   85.5853   18     4.0333333333333
27.643    85.5896   10     4.0333333333333
27.8916   85.5896   18     4
27.8734   85.5984   10.1   4.93
30.2112   85.6024   45.4   4.1
30.0067   85.6031   0      4.4
27.9264   85.6087   18     4
27.8108   85.6127   19.1   4.69
27.6733   85.6196   10     4
28.5418   85.6236   75     4.25
29.4812   85.6278   35     4
27.6921   85.6376   10     4
27.8247   85.64     12     4.5125
27.7082   85.6411   13     4.06
27.6954   85.6436   10     4.125
27.5729   85.6502   10     4
27.8955   85.6542   13.5   4.7111111111111
27.7088   85.6691   10     4.24
27.6203   85.6763   14     4.3777777777778
28.6015   85.6773   52.7   4.84
27.4954   85.6785   9      4.4
27.9413   85.6793   18     4.175
27.7218   85.6796   13.2   4.15
27.7147   85.6862   17.7   4.5222222222222
27.7947   85.6871   10.4   4.8181818181818
27.542    85.6872   12.9   4
27.7888   85.6898   14.6   5.3818181818182
27.524    85.6948   10     4
27.6959   85.6961   11.5   4.4375
27.7502   85.6976   18     4.1
27.7895   85.6997   18     4.1666666666667
27.815    85.7009   7      4.1333333333333
27.5177   85.7035   10     4.82
27.8399   85.7074   3.5    4.2
27.8429   85.7077   12.5   4.2
27.7153   85.7082   10     4.4875
27.9337   85.7094   6.9    4.25
27.8592   85.7108   9.4    4.2428571428571
27.8635   85.7138   8.4    5.3777777777778
27.5879   85.714    10     4
27.9007   85.7151   12.1   4.1
27.9194   85.7168   10     4.4
27.6491   85.7178   0      4
27.7374   85.7247   4.5    4
27.7112   85.7417   13.5   4.1333333333333
27.5352   85.7442   10     4
27.5508   85.746    10     4
27.6742   85.7468   10     4.0333333333333

27.5162   85.7478   10     4.1
27.7095   85.7517   10.8   4.6875
27.4483   85.7529   19     4.2142857142857
27.7456   85.7558   7.9    4.5222222222222
27.6727   85.7581   8.3    4.225
27.779    85.7587   8.2    4.275
27.7332   85.7627   19     4.4
27.5706   85.763    8.1    4.05
27.5957   85.7688   8.2    4.6222222222222
27.8634   85.7695   24.1   4.6
28.2709   85.7757   10     4.1333333333333
27.7385   85.7774   6.8    4.4875
28.151    85.7774   18.8   4.05
27.907    85.7785   10     4
27.6929   85.7815   9.6    4.1
27.6869   85.782    10     4.5166666666667
27.6074   85.7858   10     4.1
27.8953   85.79     19.4   4.175
27.7426   85.7925   19     4.1
28.1426   85.8025   10     4.3
27.8177   85.8072   19     4.025
27.8009   85.8073   14.7   5.0444444444444
27.8101   85.8122   17.2   4.5625
27.9179   85.8134   19     4.175
27.723    85.8169   19     4.15
27.7662   85.8192   19     4
27.7986   85.8214   10     4.32
27.7996   85.8233   16.8   5.3333333333333
27.6139   85.832    19     4.04
27.5009   85.8332   22.3   4.2125
27.5646   85.836    19     4.3
27.7774   85.8367   15.4   4.3625
27.7109   85.8368   13.9   4.025
27.5897   85.8393   19     4.3333333333333
27.8845   85.8424   19.7   4.2
27.7404   85.8442   9.5    5.07
27.7021   85.8475   9.2    4.2285714285714
27.825    85.848    19     4.15
27.8485   85.8517   10     4.1
27.5057   85.8528   19     4.3
27.5921   85.8535   19     4.5222222222222
27.6833   85.854    12.1   4.14
27.7457   85.8556   9.6    4.06
27.6483   85.8569   15.7   4.1666666666667
31.0132   85.8618   35     4.1571428571429
28.2579   85.8625   9.9    5.08
27.79     85.8645   13.4   4.425
27.4794   85.8656   10     4.225
27.332    85.866    19     4.2
27.7065   85.8663   0      4
28.3208   85.867    35     4.1
27.926    85.8672   19     4.35
28.2324   85.8701   8.6    4.36
27.7245   85.8702   31.1   4.25
27.666    85.8706   10.5   4.3875
27.8698   85.8732   14.3   4.12
28.3339   85.8744   10     4
27.2347   85.8752   0      4
28.005    85.8761   11.7   4.05
27.5284   85.8817   11.1   4.2
27.7824   85.8831   10     4.1333333333333
27.6927   85.8848   17.2   4.7333333333333
30.3228   85.8946   35     4.15
27.5565   85.895    19     4.4
27.8174   85.895    7.5    4.2333333333333
27.7729   85.8975   19     4.2444444444444
27.7097   85.9014   10     5.24
27.607    85.9022   12.1   4.225
27.762    85.9032   19     4
27.861    85.907    19     4.05
31.0964   85.9082   35     4.16
27.7141   85.9099   16.2   4.4714285714286
27.4753   85.9111   19     4.38
27.6269   85.9132   20.8   4.34
27.6796   85.9142   19     4.14
27.591    85.9145   10     4.2
27.7992   85.9152   19     4
27.6083   85.9153   19     4.12
27.8242   85.922    26.5   4.7625
27.7952   85.9248   17.2   4.1
27.7534   85.9261   12.9   4.2333333333333
31.1664   85.9269   14.2   5.625
27.7212   85.9291   19     4.2
27.8399   85.9294   12.2   4.05
27.5571   85.9302   14.3   4.7
27.6898   85.9308   19     4.1
28.2729   85.9321   52.4   4.1
27.7836   85.9361   15     4.08
27.6716   85.9459   19     4.125
28.1625   85.948    10     4
27.5068   85.9497   19     4.05
27.5946   85.9541   19     4.4
27.7714   85.9547   19     4.81
26.9317   85.9551   10     4.1333333333333
27.5916   85.9583   19     4
27.6955   85.9601   19     5.4
27.6295   85.962    19     4.25
27.5822   85.9648   6.3    4.3285714285714
27.7668   85.9655   19     4.2
27.6239   85.9667   12.7   4.2666666666667
27.4645   85.9742   10     4.1
27.6537   85.975    22.8   4.4555555555556
27.6295   85.9751   22.5   4.3857142857143
27.7165   85.9784   13.9   4.25
27.7365   85.9788   13.4   6.2181818181818
27.7813   85.9788   19     4
27.7032   85.9789   13.3   4.9
27.7168   85.9816   11.9   4.125
28.2266   85.9848   62     4.6
27.5783   85.9898   13.2   4.79
27.8279   85.9902   19     4
27.7853   85.9907   14.3   4.275
27.6716   85.9918   19     4
27.6622   85.993    16.7   4.4625
27.5098   85.9934   28.7   4
30.4649   85.9964   35     4.1
27.6139   86.0009   11.3   4.18
30.1262   86.0063   35     4.25
27.5821   86.0104   14.9   4.4
27.4596   86.0115   19     4.2125
27.658    86.0147   18     4.06
27.719    86.0199   19.3   4.5
27.6093   86.0288   17.9   4.6
27.4536   86.0321   19     4.4
27.5307   86.0328   10.8   4.6166666666667
27.3788   86.0342   19     4.18
27.5029   86.0363   19     4.05
27.7046   86.0378   10     4
27.7113   86.0389   19     4.28
30.7318   86.0436   35     4
27.5492   86.0462   8.8    4
27.6744   86.049    11.9   4.575
29.5388   86.0503   18.4   5.4545454545454
27.7479   86.0579   2.2    4.15
27.5669   86.061    11.9   4
29.227    86.0624   17.1   4.2
27.7509   86.0641   8.7    4.95
27.624    86.0644   14.7   4.3857142857143
27.5911   86.0655   19     4.1
27.6482   86.0666   19     4.05
27.5072   86.0682   19     4
27.3258   86.0698   15.3   4.4333333333333
30.572    86.0701   35     4.05
27.6339   86.0746   10     4.08
27.8985   86.0772   19     4
27.4912   86.0775   24.3   4.4777777777778
27.3533   86.0778   13.4   4.3714285714286
27.6229   86.0786   11.9   4.275
27.7046   86.0788   18.5   4.8428571428571
27.7048   86.079    17.7   4.35
30.6072   86.0792   35     4.2
27.6019   86.0838   19     4.2285714285714
27.669    86.088    20.3   4.9555555555556
27.495    86.09     19     4
27.6767   86.0906   10.6   4.3714285714286
27.7758   86.0987   15.7   4.4571428571429
27.7086   86.1001   19     4.1
27.4491   86.1007   19     4.38
27.6377   86.108    7.2    4.3888888888889
27.6801   86.1084   9.8    5.11
27.6238   86.1096   10.7   4.1333333333333
27.6126   86.11     19     4.2
27.7384   86.112    10     4
27.5873   86.1124   19     4.3
27.5175   86.1127   20.1   5.5090909090909

27.8745   86.1205   13.2   4.2285714285714
27.6438   86.1223   19     4.05
27.742    86.1234   11.6   4
27.521    86.1256   19     4.3
27.8014   86.126    12.3   6.575
27.7382   86.128    10     4
27.5259   86.1306   19     4
27.5265   86.1312   10     4.35
27.6552   86.1321   10.7   4.3
27.4833   86.1418   19     4.61
27.5248   86.1418   13.8   6
27.8901   86.1429   19     4.1
27.6598   86.1477   8.9    5.2714285714286
27.497    86.1478   19     4.5
30.6999   86.152    35     4.5333333333333
27.6192   86.1527   13.7   4.1
30.6487   86.1527   35     4.35
27.7831   86.1533   16.8   4
27.6911   86.1555   19     4.05
27.4342   86.1597   10     4
27.6298   86.1608   8.6    4.0666666666667
27.6076   86.1634   15.5   4.04
27.6606   86.1635   10.5   4.2714285714286
30.733    86.1652   35     4.4
27.472    86.1672   10     4
27.6616   86.1744   15.5   4.5666666666667
27.6385   86.1751   7.7    4.14
27.714    86.1797   11.1   4.58
28.6771   86.1805   35     4.0333333333333
27.5864   86.1816   10.9   4.36
30.6525   86.1826   35     4.2571428571429
27.6227   86.1843   11.4   4.6
27.7928   86.1879   19     4
30.9132   86.1887   8.8    4.54
27.6559   86.1909   19     4.55
27.7637   86.1917   5      4.0333333333333
27.746    86.2009   19     4.1
28.3521   86.2047   74.9   4.3777777777778
27.7316   86.2077   19     4
27.7251   86.2083   12.6   5.3666666666667
27.592    86.2119   7.9    4.1428571428571
27.2118   86.2131   3.7    4
27.5737   86.2164   13.7   4
30.4983   86.217    35     4
27.6136   86.2233   12.7   4.2333333333333
27.6932   86.2267   11     5.1333333333333
27.6783   86.2356   13.7   4.6166666666667
27.3792   86.2416   19     4.7166666666667
27.6568   86.2427   4.9    4.3142857142857
29.3584   86.2435   10     4.1285714285714
27.7096   86.2477   12     4.8
27.6831   86.2527   14.9   4.0333333333333
27.7364   86.2622   10.4   4.2714285714286
27.293    86.2685   15.9   4.0333333333333
27.6479   86.28     10     4.25
27.5815   86.2977   10     4.0666666666667
27.846    86.2994   10     4.825
27.8308   86.3054   10     4
27.9457   86.3113   10     4
27.6897   86.3115   10     4.36
27.7201   86.3128   10     4
29.0434   86.3134   11.9   4.2888888888889
28.0336   86.3153   10     4.2
27.8023   86.3202   10     4.5
27.2096   86.3232   13.8   4.2
27.7443   86.3386   16.6   4.3
27.9153   86.3484   35     4.0333333333333
27.7801   86.3542   10     4.6
30.7332   86.3653   10     4.5222222222222
27.2207   86.3768   19.3   4.9
27.7097   86.3819   17.3   4.1
27.8099   86.3852   10     4.7
28.7562   86.3875   80.5   4.3888888888889
27.596    86.389    27.4   4
28.351    86.3936   89.8   4.525
30.8065   86.4118   15     4.7181818181818
27.7815   86.4192   0      4
27.6353   86.4217   15.1   4.77
28.835    86.4263   11.9   4.66
28.9012   86.4476   10     4
28.5825   86.4597   57     4
31.3446   86.4724   12.6   5.2363636363636
30.923    86.496    10     4.25
28.9643   86.5013   10     4
30.292    86.5033   35     4.4
27.7097   86.5045   14.8   4.65
29.9931   86.5049   35     4.0333333333333
30.9629   86.5089   18     4.1571428571429
28.731    86.5101   68.8   4.1
30.8714   86.5105   16.4   5
28.6476   86.5144   59.9   4.18
27.6075   86.5186   10     4.04
28.5384   86.5244   100    4.2
28.6286   86.5346   57     4
30.9682   86.5522   26     4.2
29.0718   86.569    4      4
29.1379   86.5713   35     4.1
28.483    86.578    57     4.2
27.6401   86.6233   10     4
27.6048   86.6271   35     4.1
30.8128   86.6595   26     4.2333333333333
28.5985   86.6723   57     4.4
30.5364   86.6762   35     4.2
30.9101   86.6905   26     4.73
28.4701   86.7134   70     4
30.8871   86.7314   26     4.1166666666667
29.9879   86.7424   10     4.28
28.4699   86.7608   74.7   5.3090909090909
29.9475   86.7755   35     4.3
25.4252   86.7804   10     4
28.4425   86.7939   67.1   4.5333333333333
27.8655   86.851    0      4
28.6507   86.8827   50     4.1
28.5504   86.8871   58.9   4.15
27.0995   86.9086   14.2   4.34
28.5659   86.9288   60.7   4.3
27.1382   86.9329   12.2   4.05
27.3643   86.944    30.9   4.4272727272727
29.177    86.9501   5.5    4.1
29.3131   86.9554   42.3   4.52
28.058    86.9681   74.9   4.2666666666667
29.2856   87.0569   35     4.3
30.9496   87.1346   35     4.4
28.6872   87.1516   34     4.6
28.6671   87.1548   4.6    4.3142857142857
28.5387   87.1554   34     4.9
28.8175   87.1612   22.3   5.2
31.0102   87.1636   35     4.3
28.4217   87.173    84.8   4.4
28.2802   87.1786   34     4.3
30.0428   87.1849   10     4
28.5635   87.1894   34     4
31.026    87.1945   35     4.2
31.1239   87.2042   35     4.3
27.9087   87.2197   25.3   4.0333333333333
28.6107   87.2197   10     4.7285714285714
28.3932   87.2436   10     4
28.3564   87.2587   43.1   4.1
28.3483   87.2873   9.3    5.49
29.2365   87.289    10.8   4
28.3976   87.3013   35     4.3285714285714
27.8952   87.3065   50     4.4
28.5896   87.3081   10     4
28.3566   87.3144   10     4.1
28.5714   87.3265   2      4.325
28.574    87.3474   0
28.2431   87.3505   10     4.2
28.2495   87.3787   10     4
27.593    87.3835   23.2   4.63
30.5449   87.3847   10.4   5.1923076923077
28.4648   87.4099   10     4
28.2894   87.416    14.7   4
29.2076   87.4258   9.2    4.3166666666667
28.4487   87.428    12.7   5.0857142857143
28.3828   87.4307   35     4
30.2334   87.4407   10     4.9125
30.094    87.4418   10     4.05
28.3757   87.4423   35     4
28.4368   87.4424   73.1   4.57
28.6788   87.4464   32.2   4.4166666666667
28.4087   87.4524   15     4.4142857142857
30.1521   87.4607   10     4
28.4843   87.4771   9.1    4.08
28.3333   87.4792   10     4
28.4268   87.4848   4.6    4.4857142857143

28.4439   87.4856   14.9   4.35
28.351    87.4881   10.2   4.0666666666667
30.183    87.4981   10     4.6714285714286
30.2697   87.5013   10     4.48
28.3812   87.5079   16     4.9875
30.2156   87.5111   9      4
30.2625   87.5236   10     4.7777777777778
30.1737   87.5268   10     4.1
30.2673   87.531    10     4.3714285714286
30.2677   87.5312   10     5.075
30.4212   87.5377   35     4
30.2774   87.5406   10     4.8375
28.048    87.5431   10     4
28.3808   87.5456   10     4.45
30.2567   87.5566   10     4.1
30.3298   87.5585   0      4.125
28.2274   87.5611   78.5   4.7111111111111
30.2421   87.5684   10.1   5.3454545454546
28.4432   87.5753   10     4.5
30.3479   87.5789   8.6    4.5
28.4289   87.5808   28.6   4.0833333333333
30.3415   87.5864   10     4
30.3343   87.6014   7.6    4.6
30.2842   87.6038   10     4.6428571428571
28.5155   87.6093   10     4.1
30.2644   87.6183   10     4.1
30.3324   87.6247   10     4.6571428571429
30.2883   87.626    10     4.15
30.2685   87.6472   10     4.6428571428571
30.3643   87.6583   0      4.5428571428571
28.3949   87.6585   52     4.4111111111111
30.339    87.672    10     4.325
27.8584   87.6792   35     4.1
27.3474   87.6847   17.8   4.8416666666667
28.1028   87.6887   89.9   4
26.0069   87.7014   30.5   4.67
27.6608   87.7068   100    4.5
28.103    87.7109   81.1   4.05
28.7043   87.7212   11.6   4.3666666666667
30.1254   87.7215   10     4.475
27.971    87.7286   17.2   4.3571428571429
28.0111   87.7418   71     4.3875
26.861    87.742    32.5   4.3
29.7864   87.7441   35     4
27.2986   87.747    20     4
28.5109   87.7492   31.6   4.1333333333333
27.6762   87.7558   0      4.275
28.4498   87.7666   35     4.2166666666667
28.0372   87.789    63.9   4.1
29.9262   87.8048   37     4.075
27.9359   87.8092   73.8   4.42
28.1859   87.8097   68     4.1333333333333
27.2588   87.8161   0      5.0818181818182
30.3717   87.8166   10     4.05
27.2976   87.8184   20     4.4428571428571
27.7759   87.8195   48.1   4
27.2889   87.8299   13.5   4.3
27.4545   87.8417   30.2   4.7083333333333
27.3141   87.844    16.2   4.26
29.7614   87.8503   37     4.24
27.8779   87.8618   69.9   4.2
29.8416   87.8664   37     4.15
30.6928   87.8718   10     4.5
28.1658   87.8728   64.7   4.4
29.4672   87.8752   10     4.1285714285714
27.762    87.8803   88.7   4
27.2503   87.8821   13.9   4.25
29.8346   87.884    37     4.1
28.7295   87.8852   35     4
27.2356   87.8899   30.9   4.2666666666667
29.9609   87.8931   10     4.075
28.2527   87.8966   54.7   4.7
27.2876   87.9004   35     4.375
30.3865   87.9018   0      4.3
29.8415   87.907    37     4.2714285714286
27.8015   87.9131   49.3   4
29.9251   87.9136   37     4
29.8297   87.926    0      4
30.1336   87.9323   37     4
29.8541   87.935    37     4.4
28.441    87.9358   50     4.25
29.9104   87.9374   32     4.6333333333333
29.927    87.9454   37     4.2
29.8577   87.9466   10     4.25
29.8607   87.9536   37     4.2
28.0024   87.9601   61.9   4.2666666666667
29.9977   87.9606   37     4.2
29.9778   87.9623   37     4.2
29.9356   87.9652   37     4.1
29.8865   87.9653   37     4.18
30.0044   87.9659   37     4.2
27.3213   87.969    23     4.2714285714286
27.3058   87.97     20     4.62
27.449    87.9742   20     4
29.7707   87.9746   37     4.2
27.4611   87.9788   10     4.1
29.9081   87.9841   37     4.3875
29.9179   87.9971   37     4.5666666666667
27.7636   87.9974   20     4
29.8674   88.0073   37     4.0333333333333
29.7728   88.014    37     4.3
29.9702   88.0161   35     4.61
27.1625   88.0197   12.6   4
29.8841   88.0224   37     4.375
29.9134   88.0355   37     4.6
29.9412   88.0381   37     4.58
30.0861   88.039    37     4.1
29.9535   88.0468   37     4.6
30.0573   88.0478   37     4.3625
29.93     88.0503   37     4
29.5462   88.0507   35     4.25
27.2578   88.0516   6      4.6
29.8738   88.0528   6.3    4.225
30.0864   88.0532   37     4
27.3269   88.0558   19.4   4.1
27.7238   88.0558   78.8   4.35
29.8728   88.0574   37     4
29.9813   88.061    25.2   4.6555555555556
29.8564   88.0622   10.5   4.9
26.8348   88.0797   19.6   4.96
27.9675   88.0868   99     4.4
27.3591   88.0874   20     4.2666666666667
29.9577   88.0883   22.5   4.54
29.8853   88.0889   0      4.15
29.9496   88.0911   10     4.3111111111111
29.9083   88.0928   37     4.075
27.6897   88.0951   82.4   4.12
29.8522   88.0952   17.3   4.95
30.0169   88.1062   37     4.1333333333333
29.881    88.1114   8.6    4.3
30.0537   88.1173   10     4
28.7979   88.1186   35     4.3
30.0888   88.1213   41     4.0333333333333
30.0663   88.1355   49.5   4.4333333333333
27.1748   88.1393   36     4
30.0937   88.1489   37     4
29.8852   88.1495   37     4.4777777777778
29.1842   88.1512   10     4.56
27.8039   88.1536   29.6   6.2153846153846
30.0289   88.1544   37     4
27.2128   88.1724   39     4.56
29.489    88.1763   10     4.0666666666667
30.3162   88.1803   22.6   4.6
27.2675   88.2007   14.3   4.1833333333333
29.7004   88.2022   35     4.1
27.3759   88.203    3.3    5.2
30.0857   88.2363   37     4.2
27.2861   88.2374   7.2    4.8285714285714
30.0872   88.2375   37     4
27.2918   88.2379   10.3   4.875
27.2685   88.2526   20     4
29.9974   88.2658   37     4.3
27.3454   88.2786   22     4.3777777777778
27.2267   88.2819   10     4.3777777777778
31.0419   88.2883   35     4
28.0104   88.2921   35     4
30.1055   88.2922   38     4.5
27.1417   88.2925   44.1   4.1
27.2544   88.2927   20.3   5
29.9248   88.3022   10     4.1
28.8864   88.3719   10     4.8857142857143
27.3625   88.3932   26.8   5.35
27.6985   88.399    4.4    4
30.2928   88.4232   35     4
29.75     88.4378   35     4.6857142857143

27.3192   88.4723   18.9   4.96
27.4789   88.4813   42.6   4.25
27.4635   88.4896   42.3   4.1
27.5462   88.4989   29.3   4.3375
29.7424   88.5216   35     4.1875
27.0745   88.5561   23.1   4.26
27.1263   88.5946   35     4.57
28.5842   88.6087   10     4.06
27.2222   88.6285   30.4   4.3333333333333
27.3549   88.6697   5.9    4.2333333333333
28.4577   88.7263   100    4.1333333333333
30.273    88.7774   10     4
27.0171   88.8378   17     4
25.5658   88.8632   10     4.5
25.9507   88.8645   35     4.4625
28.9736   88.9099   10     4.2777777777778
27.0915   88.9281   10     4
30.7419   89.0791   35     4.6571428571429
25.3646   89.1179   10     4.16
30.1659   89.1732   10.4   4.5444444444444
26.3601   89.3001   15.5   4.36
25.8108   89.6548   10     4
26.3547   90.1766   14.1   4.275
23.4051   93.7938   50     4
